language,cls_name,choice_method,r,n_pos,n_neg,n_landmarks,accuracy,precision,recall,f1
english,cosine_001,random,1.0,500,500,8079,0.43243243243243246,0.43243243243243246,1.0,0.6037735849056604
english,cosine_001,random,1.0,500,500,8065,0.43243243243243246,0.43243243243243246,1.0,0.6037735849056604
english,cosine_001,random,1.0,500,500,7362,0.43243243243243246,0.43243243243243246,1.0,0.6037735849056604
english,cosine_001,random,1.0,500,500,6247,0.43243243243243246,0.43243243243243246,1.0,0.6037735849056604
english,cosine_001,random,1.0,500,500,5441,0.43243243243243246,0.43243243243243246,1.0,0.6037735849056604
english,cosine_001,random,1.0,500,500,4883,0.43243243243243246,0.43243243243243246,1.0,0.6037735849056604
english,cosine_001,random,1.0,500,500,4491,0.43243243243243246,0.43243243243243246,1.0,0.6037735849056604
english,cosine_001,random,1.0,500,500,4222,0.43243243243243246,0.43243243243243246,1.0,0.6037735849056604
english,cosine_001,random,1.0,500,500,4027,0.43243243243243246,0.43243243243243246,1.0,0.6037735849056604
english,cosine_001,random,1.0,500,500,3871,0.43243243243243246,0.43243243243243246,1.0,0.6037735849056604
english,cosine_025,random,1.0,500,500,8079,0.6216216216216216,0.5454545454545454,0.75,0.631578947368421
english,cosine_025,random,1.0,500,500,8079,0.6216216216216216,0.5454545454545454,0.75,0.631578947368421
english,cosine_025,random,1.0,500,500,8067,0.6216216216216216,0.5454545454545454,0.75,0.631578947368421
english,cosine_025,random,1.0,500,500,7718,0.6216216216216216,0.5454545454545454,0.75,0.631578947368421
english,cosine_025,random,1.0,500,500,6771,0.6216216216216216,0.5454545454545454,0.75,0.631578947368421
english,cosine_025,random,1.0,500,500,6122,0.6486486486486487,0.5714285714285714,0.75,0.6486486486486486
english,cosine_025,random,1.0,500,500,5713,0.6486486486486487,0.5714285714285714,0.75,0.6486486486486486
english,cosine_025,random,1.0,500,500,5409,0.6486486486486487,0.5714285714285714,0.75,0.6486486486486486
english,cosine_025,random,1.0,500,500,5204,0.6486486486486487,0.5714285714285714,0.75,0.6486486486486486
english,cosine_025,random,1.0,500,500,5055,0.6486486486486487,0.5714285714285714,0.75,0.6486486486486486
english,cosine_025,far,1.0,500,500,7405,0.6216216216216216,0.5454545454545454,0.75,0.631578947368421
english,cosine_025,far,1.0,500,500,6394,0.5945945945945946,0.5217391304347826,0.75,0.6153846153846153
english,cosine_025,far,1.0,500,500,5702,0.5945945945945946,0.52,0.8125,0.6341463414634146
english,cosine_025,far,1.0,500,500,5247,0.5945945945945946,0.52,0.8125,0.6341463414634146
english,cosine_025,far,1.0,500,500,4911,0.5945945945945946,0.52,0.8125,0.6341463414634146
english,cosine_025,far,1.0,500,500,4691,0.5945945945945946,0.52,0.8125,0.6341463414634146
english,cosine_025,far,1.0,500,500,4546,0.6216216216216216,0.5416666666666666,0.8125,0.65
english,cosine_025,far,1.0,500,500,4438,0.6216216216216216,0.5416666666666666,0.8125,0.65
english,cosine_025,far,1.0,500,500,4367,0.6216216216216216,0.5416666666666666,0.8125,0.65
english,cosine_025,far,1.0,500,500,4304,0.6216216216216216,0.5416666666666666,0.8125,0.65
english,cosine_025,close,1.0,500,500,184,0.4864864864864865,0.45714285714285713,1.0,0.6274509803921569
english,cosine_025,close,1.0,500,500,604,0.43243243243243246,0.4074074074074074,0.6875,0.5116279069767441
english,cosine_025,close,1.0,500,500,1200,0.4864864864864865,0.44,0.6875,0.5365853658536586
english,cosine_025,close,1.0,500,500,1673,0.5945945945945946,0.5217391304347826,0.75,0.6153846153846153
english,cosine_025,close,1.0,500,500,2104,0.5675675675675675,0.5,0.6875,0.5789473684210527
english,cosine_025,close,1.0,500,500,2434,0.5405405405405406,0.47619047619047616,0.625,0.5405405405405405
english,cosine_025,close,1.0,500,500,2717,0.5945945945945946,0.5238095238095238,0.6875,0.5945945945945946
english,cosine_025,close,1.0,500,500,2927,0.5945945945945946,0.5238095238095238,0.6875,0.5945945945945946
english,cosine_025,close,1.0,500,500,3106,0.5945945945945946,0.5238095238095238,0.6875,0.5945945945945946
english,cosine_025,close,1.0,500,500,3242,0.5945945945945946,0.5238095238095238,0.6875,0.5945945945945946
english,cosine_050,far,1.0,500,500,844,0.6756756756756757,0.7,0.4375,0.5384615384615384
english,cosine_050,far,1.0,500,500,1704,0.6756756756756757,0.7,0.4375,0.5384615384615384
english,cosine_050,far,1.0,500,500,2177,0.6486486486486487,0.7142857142857143,0.3125,0.43478260869565216
english,cosine_050,far,1.0,500,500,2485,0.6216216216216216,0.625,0.3125,0.4166666666666667
english,cosine_050,far,1.0,500,500,2745,0.6486486486486487,0.7142857142857143,0.3125,0.43478260869565216
english,cosine_050,far,1.0,500,500,2925,0.6486486486486487,0.7142857142857143,0.3125,0.43478260869565216
english,cosine_050,far,1.0,500,500,3058,0.6486486486486487,0.7142857142857143,0.3125,0.43478260869565216
english,cosine_050,far,1.0,500,500,3155,0.6486486486486487,0.7142857142857143,0.3125,0.43478260869565216
english,cosine_050,far,1.0,500,500,3238,0.6486486486486487,0.7142857142857143,0.3125,0.43478260869565216
english,cosine_050,far,1.0,500,500,3285,0.6486486486486487,0.7142857142857143,0.3125,0.43478260869565216
english,cosine_050,close,1.0,500,500,8079,0.6486486486486487,0.7142857142857143,0.3125,0.43478260869565216
english,cosine_050,close,1.0,500,500,8079,0.6486486486486487,0.7142857142857143,0.3125,0.43478260869565216
english,cosine_050,close,1.0,500,500,8079,0.6486486486486487,0.7142857142857143,0.3125,0.43478260869565216
english,cosine_050,close,1.0,500,500,8026,0.6486486486486487,0.7142857142857143,0.3125,0.43478260869565216
english,cosine_050,close,1.0,500,500,7441,0.6486486486486487,0.7142857142857143,0.3125,0.43478260869565216
english,cosine_050,close,1.0,500,500,6530,0.6486486486486487,0.7142857142857143,0.3125,0.43478260869565216
english,cosine_050,close,1.0,500,500,5844,0.6486486486486487,0.7142857142857143,0.3125,0.43478260869565216
english,cosine_050,close,1.0,500,500,5380,0.6486486486486487,0.7142857142857143,0.3125,0.43478260869565216
english,cosine_050,close,1.0,500,500,5023,0.6486486486486487,0.7142857142857143,0.3125,0.43478260869565216
english,cosine_050,close,1.0,500,500,4757,0.6486486486486487,0.7142857142857143,0.3125,0.43478260869565216
english,cosine_075,random,1.0,500,500,8079,0.5945945945945946,1.0,0.0625,0.11764705882352941
english,cosine_075,random,1.0,500,500,8079,0.5945945945945946,1.0,0.0625,0.11764705882352941
english,cosine_075,random,1.0,500,500,7897,0.5945945945945946,1.0,0.0625,0.11764705882352941
english,cosine_075,random,1.0,500,500,7203,0.5945945945945946,1.0,0.0625,0.11764705882352941
english,cosine_075,random,1.0,500,500,6364,0.5675675675675675,0.0,0.0,0.0
english,cosine_075,random,1.0,500,500,5664,0.5675675675675675,0.0,0.0,0.0
english,cosine_075,random,1.0,500,500,5090,0.5675675675675675,0.0,0.0,0.0
english,cosine_075,random,1.0,500,500,4615,0.5675675675675675,0.0,0.0,0.0
english,cosine_075,random,1.0,500,500,4250,0.5675675675675675,0.0,0.0,0.0
english,cosine_075,random,1.0,500,500,3975,0.5675675675675675,0.0,0.0,0.0
english,cosine_075,far,1.0,500,500,8042,0.5945945945945946,1.0,0.0625,0.11764705882352941
english,cosine_075,far,1.0,500,500,7589,0.5945945945945946,1.0,0.0625,0.11764705882352941
english,cosine_075,far,1.0,500,500,6533,0.5945945945945946,1.0,0.0625,0.11764705882352941
english,cosine_075,far,1.0,500,500,5736,0.5945945945945946,1.0,0.0625,0.11764705882352941
english,cosine_075,far,1.0,500,500,5244,0.5945945945945946,1.0,0.0625,0.11764705882352941
english,cosine_075,far,1.0,500,500,4972,0.5945945945945946,1.0,0.0625,0.11764705882352941
english,cosine_075,far,1.0,500,500,4777,0.5945945945945946,1.0,0.0625,0.11764705882352941
english,cosine_075,far,1.0,500,500,4624,0.5945945945945946,1.0,0.0625,0.11764705882352941
english,cosine_075,far,1.0,500,500,4523,0.5945945945945946,1.0,0.0625,0.11764705882352941
english,cosine_075,far,1.0,500,500,4446,0.5945945945945946,1.0,0.0625,0.11764705882352941
english,cosine_075,close,1.0,500,500,8079,0.5945945945945946,1.0,0.0625,0.11764705882352941
english,cosine_075,close,1.0,500,500,8079,0.5945945945945946,1.0,0.0625,0.11764705882352941
english,cosine_075,close,1.0,500,500,8079,0.5945945945945946,1.0,0.0625,0.11764705882352941
english,cosine_075,close,1.0,500,500,8078,0.5945945945945946,1.0,0.0625,0.11764705882352941
english,cosine_075,close,1.0,500,500,7970,0.5945945945945946,1.0,0.0625,0.11764705882352941
english,cosine_075,close,1.0,500,500,7204,0.5945945945945946,1.0,0.0625,0.11764705882352941
english,cosine_075,close,1.0,500,500,6281,0.5675675675675675,0.0,0.0,0.0
english,cosine_075,close,1.0,500,500,5537,0.5675675675675675,0.0,0.0,0.0
english,cosine_075,close,1.0,500,500,4939,0.5675675675675675,0.0,0.0,0.0
english,cosine_075,close,1.0,500,500,4512,0.5675675675675675,0.0,0.0,0.0
english,cosine_090,random,1.0,500,500,5551,0.5675675675675675,0.0,0.0,0.0
english,cosine_090,random,1.0,500,500,5034,0.5675675675675675,0.0,0.0,0.0
english,cosine_090,random,1.0,500,500,4758,0.5675675675675675,0.0,0.0,0.0
english,cosine_090,random,1.0,500,500,4571,0.5675675675675675,0.0,0.0,0.0
english,cosine_090,random,1.0,500,500,4435,0.5675675675675675,0.0,0.0,0.0
english,cosine_090,random,1.0,500,500,4347,0.5675675675675675,0.0,0.0,0.0
english,cosine_090,random,1.0,500,500,4285,0.5675675675675675,0.0,0.0,0.0
english,cosine_090,random,1.0,500,500,4236,0.5675675675675675,0.0,0.0,0.0
english,cosine_090,random,1.0,500,500,4177,0.5675675675675675,0.0,0.0,0.0
english,cosine_090,random,1.0,500,500,4128,0.5675675675675675,0.0,0.0,0.0
english,cosine_090,close,1.0,500,500,8079,0.5675675675675675,0.0,0.0,0.0
english,cosine_090,close,1.0,500,500,8079,0.5675675675675675,0.0,0.0,0.0
english,cosine_090,close,1.0,500,500,8079,0.5675675675675675,0.0,0.0,0.0
english,cosine_090,close,1.0,500,500,8079,0.5675675675675675,0.0,0.0,0.0
english,cosine_090,close,1.0,500,500,8079,0.5675675675675675,0.0,0.0,0.0
english,cosine_090,close,1.0,500,500,8079,0.5675675675675675,0.0,0.0,0.0
english,cosine_090,close,1.0,500,500,8079,0.5675675675675675,0.0,0.0,0.0
english,cosine_090,close,1.0,500,500,8061,0.5675675675675675,0.0,0.0,0.0
english,cosine_090,close,1.0,500,500,7693,0.5675675675675675,0.0,0.0,0.0
english,cosine_090,close,1.0,500,500,7114,0.5675675675675675,0.0,0.0,0.0
german,cosine_001,far,1.0,500,500,8789,0.3541666666666667,0.3541666666666667,1.0,0.5230769230769231
german,cosine_001,far,1.0,500,500,8766,0.3541666666666667,0.3541666666666667,1.0,0.5230769230769231
german,cosine_001,far,1.0,500,500,8948,0.3541666666666667,0.3541666666666667,1.0,0.5230769230769231
german,cosine_001,far,1.0,500,500,9195,0.3541666666666667,0.3541666666666667,1.0,0.5230769230769231
german,cosine_001,far,1.0,500,500,9436,0.3541666666666667,0.3541666666666667,1.0,0.5230769230769231
german,cosine_001,far,1.0,500,500,9721,0.3541666666666667,0.3541666666666667,1.0,0.5230769230769231
german,cosine_001,far,1.0,500,500,9966,0.3541666666666667,0.3541666666666667,1.0,0.5230769230769231
german,cosine_001,far,1.0,500,500,10143,0.3541666666666667,0.3541666666666667,1.0,0.5230769230769231
german,cosine_001,far,1.0,500,500,10309,0.3541666666666667,0.3541666666666667,1.0,0.5230769230769231
german,cosine_001,far,1.0,500,500,10453,0.3541666666666667,0.3541666666666667,1.0,0.5230769230769231
german,cosine_001,close,1.0,500,500,25905,0.3541666666666667,0.3541666666666667,1.0,0.5230769230769231
german,cosine_001,close,1.0,500,500,25905,0.3541666666666667,0.3541666666666667,1.0,0.5230769230769231
german,cosine_001,close,1.0,500,500,25904,0.3541666666666667,0.3541666666666667,1.0,0.5230769230769231
german,cosine_001,close,1.0,500,500,25889,0.3541666666666667,0.3541666666666667,1.0,0.5230769230769231
german,cosine_001,close,1.0,500,500,25741,0.3541666666666667,0.3541666666666667,1.0,0.5230769230769231
german,cosine_001,close,1.0,500,500,25296,0.3541666666666667,0.3541666666666667,1.0,0.5230769230769231
german,cosine_001,close,1.0,500,500,24453,0.3541666666666667,0.3541666666666667,1.0,0.5230769230769231
german,cosine_001,close,1.0,500,500,23340,0.3541666666666667,0.3541666666666667,1.0,0.5230769230769231
german,cosine_001,close,1.0,500,500,22202,0.3541666666666667,0.3541666666666667,1.0,0.5230769230769231
german,cosine_001,close,1.0,500,500,20954,0.3541666666666667,0.3541666666666667,1.0,0.5230769230769231
german,cosine_025,random,1.0,500,500,8787,0.3541666666666667,0.3541666666666667,1.0,0.5230769230769231
german,cosine_025,random,1.0,500,500,9902,0.3541666666666667,0.3541666666666667,1.0,0.5230769230769231
german,cosine_025,random,1.0,500,500,10960,0.3541666666666667,0.3541666666666667,1.0,0.5230769230769231
german,cosine_025,random,1.0,500,500,11871,0.3541666666666667,0.3541666666666667,1.0,0.5230769230769231
german,cosine_025,random,1.0,500,500,12605,0.3541666666666667,0.3541666666666667,1.0,0.5230769230769231
german,cosine_025,random,1.0,500,500,13254,0.3541666666666667,0.3541666666666667,1.0,0.5230769230769231
german,cosine_025,random,1.0,500,500,13820,0.3541666666666667,0.3541666666666667,1.0,0.5230769230769231
german,cosine_025,random,1.0,500,500,14295,0.3541666666666667,0.3541666666666667,1.0,0.5230769230769231
german,cosine_025,random,1.0,500,500,14777,0.3541666666666667,0.3541666666666667,1.0,0.5230769230769231
german,cosine_025,random,1.0,500,500,14968,0.3541666666666667,0.3541666666666667,1.0,0.5230769230769231
german,cosine_025,far,1.0,500,500,25644,0.3541666666666667,0.3541666666666667,1.0,0.5230769230769231
german,cosine_025,far,1.0,500,500,24866,0.3541666666666667,0.3541666666666667,1.0,0.5230769230769231
german,cosine_025,far,1.0,500,500,23445,0.3541666666666667,0.3541666666666667,1.0,0.5230769230769231
german,cosine_025,far,1.0,500,500,21776,0.3541666666666667,0.3541666666666667,1.0,0.5230769230769231
german,cosine_025,far,1.0,500,500,20209,0.3541666666666667,0.3541666666666667,1.0,0.5230769230769231
german,cosine_025,far,1.0,500,500,18663,0.3541666666666667,0.3541666666666667,1.0,0.5230769230769231
german,cosine_025,far,1.0,500,500,17267,0.3541666666666667,0.3541666666666667,1.0,0.5230769230769231
german,cosine_025,far,1.0,500,500,16149,0.3541666666666667,0.3541666666666667,1.0,0.5230769230769231
german,cosine_025,far,1.0,500,500,15250,0.3541666666666667,0.3541666666666667,1.0,0.5230769230769231
german,cosine_025,far,1.0,500,500,14486,0.3541666666666667,0.3541666666666667,1.0,0.5230769230769231
german,cosine_025,close,1.0,500,500,16339,0.3541666666666667,0.3541666666666667,1.0,0.5230769230769231
german,cosine_025,close,1.0,500,500,14901,0.3541666666666667,0.3541666666666667,1.0,0.5230769230769231
german,cosine_025,close,1.0,500,500,13687,0.3541666666666667,0.3541666666666667,1.0,0.5230769230769231
german,cosine_025,close,1.0,500,500,12721,0.3541666666666667,0.3541666666666667,1.0,0.5230769230769231
german,cosine_025,close,1.0,500,500,12048,0.3541666666666667,0.3541666666666667,1.0,0.5230769230769231
german,cosine_025,close,1.0,500,500,11551,0.3541666666666667,0.3541666666666667,1.0,0.5230769230769231
german,cosine_025,close,1.0,500,500,11243,0.3541666666666667,0.3541666666666667,1.0,0.5230769230769231
german,cosine_025,close,1.0,500,500,11142,0.3541666666666667,0.3541666666666667,1.0,0.5230769230769231
german,cosine_025,close,1.0,500,500,11053,0.3541666666666667,0.3541666666666667,1.0,0.5230769230769231
german,cosine_025,close,1.0,500,500,11014,0.3541666666666667,0.3541666666666667,1.0,0.5230769230769231
german,cosine_050,random,1.0,500,500,120,0.3541666666666667,0.3541666666666667,1.0,0.5230769230769231
german,cosine_050,random,1.0,500,500,493,0.3541666666666667,0.3541666666666667,1.0,0.5230769230769231
german,cosine_050,random,1.0,500,500,1555,0.4166666666666667,0.37777777777777777,1.0,0.5483870967741935
german,cosine_050,close,1.0,500,500,25850,0.6666666666666666,0.5172413793103449,0.8823529411764706,0.6521739130434783
german,cosine_050,close,1.0,500,500,25392,0.6666666666666666,0.5172413793103449,0.8823529411764706,0.6521739130434783
german,cosine_050,close,1.0,500,500,24209,0.6666666666666666,0.5172413793103449,0.8823529411764706,0.6521739130434783
german,cosine_050,close,1.0,500,500,22249,0.6666666666666666,0.5172413793103449,0.8823529411764706,0.6521739130434783
german,cosine_050,close,1.0,500,500,20345,0.6666666666666666,0.5172413793103449,0.8823529411764706,0.6521739130434783
german,cosine_050,close,1.0,500,500,19095,0.6458333333333334,0.5,0.8823529411764706,0.6382978723404256
german,cosine_050,close,1.0,500,500,18055,0.6666666666666666,0.5172413793103449,0.8823529411764706,0.6521739130434783
german,cosine_050,close,1.0,500,500,17155,0.6666666666666666,0.5172413793103449,0.8823529411764706,0.6521739130434783
german,cosine_050,close,1.0,500,500,16386,0.6666666666666666,0.5172413793103449,0.8823529411764706,0.6521739130434783
german,cosine_050,close,1.0,500,500,15702,0.6666666666666666,0.5172413793103449,0.8823529411764706,0.6521739130434783
german,cosine_075,random,1.0,500,500,25905,0.6875,0.625,0.29411764705882354,0.4
german,cosine_075,random,1.0,500,500,25905,0.6875,0.625,0.29411764705882354,0.4
german,cosine_075,random,1.0,500,500,25898,0.6875,0.625,0.29411764705882354,0.4
german,cosine_075,random,1.0,500,500,25676,0.6875,0.625,0.29411764705882354,0.4
german,cosine_075,random,1.0,500,500,24991,0.7083333333333334,0.7142857142857143,0.29411764705882354,0.4166666666666667
german,cosine_075,random,1.0,500,500,23836,0.7083333333333334,0.7142857142857143,0.29411764705882354,0.4166666666666667
german,cosine_075,random,1.0,500,500,22601,0.7083333333333334,0.7142857142857143,0.29411764705882354,0.4166666666666667
german,cosine_075,random,1.0,500,500,21396,0.7083333333333334,0.7142857142857143,0.29411764705882354,0.4166666666666667
german,cosine_075,random,1.0,500,500,20325,0.7083333333333334,0.7142857142857143,0.29411764705882354,0.4166666666666667
german,cosine_075,random,1.0,500,500,19338,0.7291666666666666,0.75,0.35294117647058826,0.48
german,cosine_075,far,1.0,500,500,25905,0.6875,0.625,0.29411764705882354,0.4
german,cosine_075,far,1.0,500,500,25905,0.6875,0.625,0.29411764705882354,0.4
german,cosine_075,far,1.0,500,500,25905,0.6875,0.625,0.29411764705882354,0.4
german,cosine_075,far,1.0,500,500,25901,0.6875,0.625,0.29411764705882354,0.4
german,cosine_075,far,1.0,500,500,25806,0.6875,0.625,0.29411764705882354,0.4
german,cosine_075,far,1.0,500,500,25116,0.6875,0.625,0.29411764705882354,0.4
german,cosine_075,far,1.0,500,500,23558,0.7083333333333334,0.7142857142857143,0.29411764705882354,0.4166666666666667
german,cosine_075,far,1.0,500,500,21584,0.7083333333333334,0.7142857142857143,0.29411764705882354,0.4166666666666667
german,cosine_075,far,1.0,500,500,19574,0.7083333333333334,0.7142857142857143,0.29411764705882354,0.4166666666666667
german,cosine_075,far,1.0,500,500,17813,0.7083333333333334,0.7142857142857143,0.29411764705882354,0.4166666666666667
german,cosine_075,close,1.0,500,500,25904,0.6875,0.625,0.29411764705882354,0.4
german,cosine_075,close,1.0,500,500,25855,0.7083333333333334,0.7142857142857143,0.29411764705882354,0.4166666666666667
german,cosine_075,close,1.0,500,500,25171,0.7083333333333334,0.7142857142857143,0.29411764705882354,0.4166666666666667
german,cosine_075,close,1.0,500,500,23827,0.7083333333333334,0.7142857142857143,0.29411764705882354,0.4166666666666667
german,cosine_075,close,1.0,500,500,22178,0.7083333333333334,0.7142857142857143,0.29411764705882354,0.4166666666666667
german,cosine_075,close,1.0,500,500,20260,0.7083333333333334,0.7142857142857143,0.29411764705882354,0.4166666666666667
german,cosine_075,close,1.0,500,500,18516,0.7083333333333334,0.7142857142857143,0.29411764705882354,0.4166666666666667
german,cosine_075,close,1.0,500,500,16994,0.7083333333333334,0.7142857142857143,0.29411764705882354,0.4166666666666667
german,cosine_075,close,1.0,500,500,15868,0.7083333333333334,0.7142857142857143,0.29411764705882354,0.4166666666666667
german,cosine_075,close,1.0,500,500,14940,0.7083333333333334,0.7142857142857143,0.29411764705882354,0.4166666666666667
german,cosine_090,random,1.0,500,500,25267,0.6458333333333334,0.5,0.058823529411764705,0.10526315789473684
german,cosine_090,random,1.0,500,500,24381,0.6458333333333334,0.5,0.058823529411764705,0.10526315789473684
german,cosine_090,random,1.0,500,500,23117,0.6458333333333334,0.5,0.058823529411764705,0.10526315789473684
german,cosine_090,random,1.0,500,500,21632,0.6458333333333334,0.5,0.058823529411764705,0.10526315789473684
german,cosine_090,random,1.0,500,500,20234,0.6458333333333334,0.5,0.058823529411764705,0.10526315789473684
german,cosine_090,random,1.0,500,500,18937,0.6458333333333334,0.5,0.058823529411764705,0.10526315789473684
german,cosine_090,random,1.0,500,500,17765,0.6458333333333334,0.5,0.058823529411764705,0.10526315789473684
german,cosine_090,random,1.0,500,500,16830,0.6458333333333334,0.5,0.058823529411764705,0.10526315789473684
german,cosine_090,random,1.0,500,500,15996,0.6458333333333334,0.5,0.058823529411764705,0.10526315789473684
german,cosine_090,random,1.0,500,500,15216,0.6458333333333334,0.5,0.058823529411764705,0.10526315789473684
german,cosine_090,far,1.0,500,500,14041,0.625,0.3333333333333333,0.058823529411764705,0.1
german,cosine_090,far,1.0,500,500,13312,0.625,0.3333333333333333,0.058823529411764705,0.1
german,cosine_090,far,1.0,500,500,12377,0.625,0.3333333333333333,0.058823529411764705,0.1
german,cosine_090,far,1.0,500,500,12135,0.625,0.3333333333333333,0.058823529411764705,0.1
german,cosine_090,far,1.0,500,500,11741,0.625,0.3333333333333333,0.058823529411764705,0.1
german,cosine_090,far,1.0,500,500,11482,0.625,0.3333333333333333,0.058823529411764705,0.1
german,cosine_090,far,1.0,500,500,11416,0.625,0.3333333333333333,0.058823529411764705,0.1
german,cosine_090,far,1.0,500,500,11480,0.625,0.3333333333333333,0.058823529411764705,0.1
german,cosine_090,far,1.0,500,500,11535,0.625,0.3333333333333333,0.058823529411764705,0.1
german,cosine_090,far,1.0,500,500,11620,0.625,0.3333333333333333,0.058823529411764705,0.1
german,cosine_090,close,1.0,500,500,5101,0.625,0.3333333333333333,0.058823529411764705,0.1
german,cosine_090,close,1.0,500,500,5543,0.625,0.3333333333333333,0.058823529411764705,0.1
german,cosine_090,close,1.0,500,500,5779,0.6458333333333334,0.5,0.11764705882352941,0.19047619047619047
german,cosine_090,close,1.0,500,500,6027,0.625,0.3333333333333333,0.058823529411764705,0.1
german,cosine_090,close,1.0,500,500,6557,0.6666666666666666,0.6666666666666666,0.11764705882352941,0.2
german,cosine_090,close,1.0,500,500,7113,0.625,0.3333333333333333,0.058823529411764705,0.1
german,cosine_090,close,1.0,500,500,7605,0.6458333333333334,0.5,0.11764705882352941,0.19047619047619047
german,cosine_090,close,1.0,500,500,8052,0.6666666666666666,0.6666666666666666,0.11764705882352941,0.2
german,cosine_090,close,1.0,500,500,8418,0.6666666666666666,0.6666666666666666,0.11764705882352941,0.2
german,cosine_090,close,1.0,500,500,8836,0.6875,0.75,0.17647058823529413,0.2857142857142857
latin,cosine_001,random,1.0,500,500,6092,0.65,0.65,1.0,0.787878787878788
latin,cosine_001,random,1.0,500,500,5396,0.65,0.65,1.0,0.787878787878788
latin,cosine_001,random,1.0,500,500,4859,0.65,0.65,1.0,0.787878787878788
latin,cosine_001,random,1.0,500,500,4455,0.65,0.65,1.0,0.787878787878788
latin,cosine_001,random,1.0,500,500,4175,0.65,0.65,1.0,0.787878787878788
latin,cosine_001,random,1.0,500,500,4003,0.65,0.65,1.0,0.787878787878788
latin,cosine_001,random,1.0,500,500,3878,0.65,0.65,1.0,0.787878787878788
latin,cosine_001,random,1.0,500,500,3786,0.65,0.65,1.0,0.787878787878788
latin,cosine_001,random,1.0,500,500,3703,0.65,0.65,1.0,0.787878787878788
latin,cosine_001,random,1.0,500,500,3645,0.65,0.65,1.0,0.787878787878788
latin,cosine_001,close,1.0,500,500,803,0.65,0.65,1.0,0.787878787878788
latin,cosine_001,close,1.0,500,500,1551,0.65,0.65,1.0,0.787878787878788
latin,cosine_001,close,1.0,500,500,2104,0.65,0.65,1.0,0.787878787878788
latin,cosine_001,close,1.0,500,500,2534,0.65,0.65,1.0,0.787878787878788
latin,cosine_001,close,1.0,500,500,2769,0.65,0.65,1.0,0.787878787878788
latin,cosine_001,close,1.0,500,500,2974,0.65,0.65,1.0,0.787878787878788
latin,cosine_001,close,1.0,500,500,3108,0.65,0.65,1.0,0.787878787878788
latin,cosine_001,close,1.0,500,500,3205,0.65,0.65,1.0,0.787878787878788
latin,cosine_001,close,1.0,500,500,3276,0.65,0.65,1.0,0.787878787878788
latin,cosine_001,close,1.0,500,500,3335,0.65,0.65,1.0,0.787878787878788
latin,cosine_025,random,1.0,500,500,1472,0.675,0.6666666666666666,1.0,0.8
latin,cosine_025,random,1.0,500,500,1848,0.675,0.6666666666666666,1.0,0.8
latin,cosine_025,random,1.0,500,500,2170,0.675,0.6666666666666666,1.0,0.8
latin,cosine_025,random,1.0,500,500,2365,0.675,0.6666666666666666,1.0,0.8
latin,cosine_025,random,1.0,500,500,2526,0.675,0.6666666666666666,1.0,0.8
latin,cosine_025,random,1.0,500,500,2627,0.675,0.6666666666666666,1.0,0.8
latin,cosine_025,random,1.0,500,500,2692,0.675,0.6666666666666666,1.0,0.8
latin,cosine_025,random,1.0,500,500,2752,0.675,0.6666666666666666,1.0,0.8
latin,cosine_025,random,1.0,500,500,2809,0.675,0.6666666666666666,1.0,0.8
latin,cosine_025,random,1.0,500,500,2870,0.675,0.6666666666666666,1.0,0.8
latin,cosine_025,far,1.0,500,500,3026,0.675,0.6666666666666666,1.0,0.8
latin,cosine_025,far,1.0,500,500,3369,0.675,0.6666666666666666,1.0,0.8
latin,cosine_025,far,1.0,500,500,3761,0.675,0.6666666666666666,1.0,0.8
latin,cosine_025,far,1.0,500,500,4061,0.675,0.6666666666666666,1.0,0.8
latin,cosine_025,far,1.0,500,500,4335,0.675,0.6666666666666666,1.0,0.8
latin,cosine_025,far,1.0,500,500,4491,0.675,0.6666666666666666,1.0,0.8
latin,cosine_025,far,1.0,500,500,4602,0.675,0.6666666666666666,1.0,0.8
latin,cosine_025,far,1.0,500,500,4683,0.675,0.6666666666666666,1.0,0.8
latin,cosine_025,far,1.0,500,500,4719,0.675,0.6666666666666666,1.0,0.8
latin,cosine_025,far,1.0,500,500,4731,0.675,0.6666666666666666,1.0,0.8
latin,cosine_025,close,1.0,500,500,7689,0.675,0.6666666666666666,1.0,0.8
latin,cosine_025,close,1.0,500,500,7689,0.675,0.6666666666666666,1.0,0.8
latin,cosine_025,close,1.0,500,500,7689,0.675,0.6666666666666666,1.0,0.8
latin,cosine_025,close,1.0,500,500,7689,0.675,0.6666666666666666,1.0,0.8
latin,cosine_025,close,1.0,500,500,7688,0.675,0.6666666666666666,1.0,0.8
latin,cosine_025,close,1.0,500,500,7539,0.675,0.6666666666666666,1.0,0.8
latin,cosine_025,close,1.0,500,500,7014,0.675,0.6666666666666666,1.0,0.8
latin,cosine_025,close,1.0,500,500,6233,0.65,0.65,1.0,0.787878787878788
latin,cosine_025,close,1.0,500,500,5509,0.65,0.65,1.0,0.787878787878788
latin,cosine_025,close,1.0,500,500,4897,0.65,0.65,1.0,0.787878787878788
latin,cosine_050,random,1.0,500,500,7688,0.5,0.7142857142857143,0.38461538461538464,0.5
latin,cosine_050,random,1.0,500,500,7584,0.5,0.7142857142857143,0.38461538461538464,0.5
latin,cosine_050,random,1.0,500,500,7132,0.475,0.6666666666666666,0.38461538461538464,0.4878048780487804
latin,cosine_050,random,1.0,500,500,6562,0.5,0.6875,0.4230769230769231,0.5238095238095238
latin,cosine_050,random,1.0,500,500,5984,0.475,0.6470588235294118,0.4230769230769231,0.5116279069767442
latin,cosine_050,random,1.0,500,500,5473,0.475,0.6470588235294118,0.4230769230769231,0.5116279069767442
latin,cosine_050,random,1.0,500,500,5145,0.5,0.6875,0.4230769230769231,0.5238095238095238
latin,cosine_050,random,1.0,500,500,4843,0.525,0.7058823529411765,0.46153846153846156,0.558139534883721
latin,cosine_050,random,1.0,500,500,4611,0.525,0.7058823529411765,0.46153846153846156,0.558139534883721
latin,cosine_050,random,1.0,500,500,4436,0.55,0.7222222222222222,0.5,0.5909090909090908
latin,cosine_050,far,1.0,500,500,7689,0.5,0.7142857142857143,0.38461538461538464,0.5
latin,cosine_050,far,1.0,500,500,7581,0.5,0.7142857142857143,0.38461538461538464,0.5
latin,cosine_050,far,1.0,500,500,6894,0.5,0.7142857142857143,0.38461538461538464,0.5
latin,cosine_050,far,1.0,500,500,6105,0.5,0.7142857142857143,0.38461538461538464,0.5
latin,cosine_050,far,1.0,500,500,5540,0.5,0.7142857142857143,0.38461538461538464,0.5
latin,cosine_050,far,1.0,500,500,5086,0.5,0.7142857142857143,0.38461538461538464,0.5
latin,cosine_050,far,1.0,500,500,4765,0.5,0.7142857142857143,0.38461538461538464,0.5
latin,cosine_050,far,1.0,500,500,4470,0.5,0.7142857142857143,0.38461538461538464,0.5
latin,cosine_050,far,1.0,500,500,4267,0.5,0.7142857142857143,0.38461538461538464,0.5
latin,cosine_050,far,1.0,500,500,4116,0.5,0.7142857142857143,0.38461538461538464,0.5
latin,cosine_050,close,1.0,500,500,4770,0.475,0.6923076923076923,0.34615384615384615,0.46153846153846156
latin,cosine_050,close,1.0,500,500,4591,0.475,0.6923076923076923,0.34615384615384615,0.46153846153846156
latin,cosine_050,close,1.0,500,500,4447,0.5,0.7142857142857143,0.38461538461538464,0.5
latin,cosine_050,close,1.0,500,500,4343,0.5,0.7142857142857143,0.38461538461538464,0.5
latin,cosine_050,close,1.0,500,500,4286,0.5,0.7142857142857143,0.38461538461538464,0.5
latin,cosine_050,close,1.0,500,500,4245,0.5,0.7142857142857143,0.38461538461538464,0.5
latin,cosine_050,close,1.0,500,500,4200,0.5,0.7142857142857143,0.38461538461538464,0.5
latin,cosine_050,close,1.0,500,500,4155,0.5,0.7142857142857143,0.38461538461538464,0.5
latin,cosine_050,close,1.0,500,500,4146,0.5,0.7142857142857143,0.38461538461538464,0.5
latin,cosine_050,close,1.0,500,500,4136,0.5,0.7142857142857143,0.38461538461538464,0.5
latin,cosine_075,far,1.0,500,500,7689,0.4,0.75,0.11538461538461539,0.19999999999999998
latin,cosine_075,far,1.0,500,500,7689,0.4,0.75,0.11538461538461539,0.19999999999999998
latin,cosine_075,far,1.0,500,500,7604,0.375,0.6666666666666666,0.07692307692307693,0.13793103448275862
latin,cosine_075,far,1.0,500,500,7248,0.375,0.6666666666666666,0.07692307692307693,0.13793103448275862
latin,cosine_075,far,1.0,500,500,6696,0.4,0.75,0.11538461538461539,0.19999999999999998
latin,cosine_075,far,1.0,500,500,6101,0.4,0.75,0.11538461538461539,0.19999999999999998
latin,cosine_075,far,1.0,500,500,5595,0.425,0.8,0.15384615384615385,0.25806451612903225
latin,cosine_075,far,1.0,500,500,5117,0.425,0.8,0.15384615384615385,0.25806451612903225
latin,cosine_075,far,1.0,500,500,4711,0.4,0.75,0.11538461538461539,0.19999999999999998
latin,cosine_075,far,1.0,500,500,4417,0.425,0.8,0.15384615384615385,0.25806451612903225
latin,cosine_075,close,1.0,500,500,7689,0.4,0.75,0.11538461538461539,0.19999999999999998
latin,cosine_075,close,1.0,500,500,7689,0.4,0.75,0.11538461538461539,0.19999999999999998
latin,cosine_075,close,1.0,500,500,7634,0.4,0.75,0.11538461538461539,0.19999999999999998
latin,cosine_075,close,1.0,500,500,7285,0.4,0.75,0.11538461538461539,0.19999999999999998
latin,cosine_075,close,1.0,500,500,6667,0.375,0.6666666666666666,0.07692307692307693,0.13793103448275862
latin,cosine_075,close,1.0,500,500,6010,0.4,0.75,0.11538461538461539,0.19999999999999998
latin,cosine_075,close,1.0,500,500,5529,0.4,0.75,0.11538461538461539,0.19999999999999998
latin,cosine_075,close,1.0,500,500,5103,0.425,0.8,0.15384615384615385,0.25806451612903225
latin,cosine_075,close,1.0,500,500,4772,0.425,0.8,0.15384615384615385,0.25806451612903225
latin,cosine_075,close,1.0,500,500,4512,0.425,0.8,0.15384615384615385,0.25806451612903225
latin,cosine_090,random,1.0,500,500,173,0.45,0.8333333333333334,0.19230769230769232,0.3125
latin,cosine_090,random,1.0,500,500,870,0.325,0.0,0.0,0.0
latin,cosine_090,random,1.0,500,500,1515,0.35,0.5,0.038461538461538464,0.07142857142857144
latin,cosine_090,random,1.0,500,500,1975,0.325,0.0,0.0,0.0
latin,cosine_090,random,1.0,500,500,2364,0.325,0.0,0.0,0.0
latin,cosine_090,far,1.0,500,500,7689,0.35,0.0,0.0,0.0
latin,cosine_090,far,1.0,500,500,7689,0.35,0.0,0.0,0.0
latin,cosine_090,far,1.0,500,500,7689,0.35,0.0,0.0,0.0
latin,cosine_090,far,1.0,500,500,7680,0.35,0.0,0.0,0.0
latin,cosine_090,far,1.0,500,500,7462,0.35,0.0,0.0,0.0
latin,cosine_090,far,1.0,500,500,6769,0.35,0.0,0.0,0.0
latin,cosine_090,far,1.0,500,500,5971,0.35,0.0,0.0,0.0
latin,cosine_090,far,1.0,500,500,5276,0.35,0.0,0.0,0.0
latin,cosine_090,far,1.0,500,500,4819,0.35,0.0,0.0,0.0
latin,cosine_090,far,1.0,500,500,4504,0.35,0.0,0.0,0.0
latin,cosine_090,close,1.0,500,500,7689,0.35,0.0,0.0,0.0
latin,cosine_090,close,1.0,500,500,7689,0.35,0.0,0.0,0.0
latin,cosine_090,close,1.0,500,500,7689,0.35,0.0,0.0,0.0
latin,cosine_090,close,1.0,500,500,7522,0.35,0.0,0.0,0.0
latin,cosine_090,close,1.0,500,500,6819,0.35,0.0,0.0,0.0
latin,cosine_090,close,1.0,500,500,6034,0.35,0.0,0.0,0.0
latin,cosine_090,close,1.0,500,500,5357,0.35,0.0,0.0,0.0
latin,cosine_090,close,1.0,500,500,4853,0.35,0.0,0.0,0.0
latin,cosine_090,close,1.0,500,500,4397,0.325,0.0,0.0,0.0
latin,cosine_090,close,1.0,500,500,4125,0.325,0.0,0.0,0.0
swedish,cosine_001,random,1.0,500,500,20630,0.25806451612903225,0.25806451612903225,1.0,0.41025641025641024
swedish,cosine_001,random,1.0,500,500,20393,0.25806451612903225,0.25806451612903225,1.0,0.41025641025641024
swedish,cosine_001,random,1.0,500,500,19917,0.25806451612903225,0.25806451612903225,1.0,0.41025641025641024
swedish,cosine_001,random,1.0,500,500,19135,0.25806451612903225,0.25806451612903225,1.0,0.41025641025641024
swedish,cosine_001,random,1.0,500,500,18229,0.25806451612903225,0.25806451612903225,1.0,0.41025641025641024
swedish,cosine_001,random,1.0,500,500,17327,0.25806451612903225,0.25806451612903225,1.0,0.41025641025641024
swedish,cosine_001,random,1.0,500,500,16392,0.25806451612903225,0.25806451612903225,1.0,0.41025641025641024
swedish,cosine_001,random,1.0,500,500,15503,0.25806451612903225,0.25806451612903225,1.0,0.41025641025641024
swedish,cosine_001,random,1.0,500,500,14734,0.25806451612903225,0.25806451612903225,1.0,0.41025641025641024
swedish,cosine_001,random,1.0,500,500,14038,0.25806451612903225,0.25806451612903225,1.0,0.41025641025641024
swedish,cosine_001,far,1.0,500,500,20748,0.25806451612903225,0.25806451612903225,1.0,0.41025641025641024
swedish,cosine_001,far,1.0,500,500,20748,0.25806451612903225,0.25806451612903225,1.0,0.41025641025641024
swedish,cosine_001,far,1.0,500,500,20748,0.25806451612903225,0.25806451612903225,1.0,0.41025641025641024
swedish,cosine_001,far,1.0,500,500,20748,0.25806451612903225,0.25806451612903225,1.0,0.41025641025641024
swedish,cosine_001,far,1.0,500,500,20747,0.25806451612903225,0.25806451612903225,1.0,0.41025641025641024
swedish,cosine_001,far,1.0,500,500,20705,0.25806451612903225,0.25806451612903225,1.0,0.41025641025641024
swedish,cosine_001,far,1.0,500,500,20313,0.25806451612903225,0.25806451612903225,1.0,0.41025641025641024
swedish,cosine_001,far,1.0,500,500,19456,0.25806451612903225,0.25806451612903225,1.0,0.41025641025641024
swedish,cosine_001,far,1.0,500,500,18222,0.25806451612903225,0.25806451612903225,1.0,0.41025641025641024
swedish,cosine_001,far,1.0,500,500,16901,0.25806451612903225,0.25806451612903225,1.0,0.41025641025641024
swedish,cosine_001,close,1.0,500,500,20446,0.25806451612903225,0.25806451612903225,1.0,0.41025641025641024
swedish,cosine_001,close,1.0,500,500,19663,0.25806451612903225,0.25806451612903225,1.0,0.41025641025641024
swedish,cosine_001,close,1.0,500,500,18381,0.25806451612903225,0.25806451612903225,1.0,0.41025641025641024
swedish,cosine_001,close,1.0,500,500,16818,0.25806451612903225,0.25806451612903225,1.0,0.41025641025641024
swedish,cosine_001,close,1.0,500,500,15343,0.25806451612903225,0.25806451612903225,1.0,0.41025641025641024
swedish,cosine_001,close,1.0,500,500,13894,0.25806451612903225,0.25806451612903225,1.0,0.41025641025641024
swedish,cosine_001,close,1.0,500,500,12597,0.25806451612903225,0.25806451612903225,1.0,0.41025641025641024
swedish,cosine_001,close,1.0,500,500,11513,0.25806451612903225,0.25806451612903225,1.0,0.41025641025641024
swedish,cosine_001,close,1.0,500,500,10628,0.25806451612903225,0.25806451612903225,1.0,0.41025641025641024
swedish,cosine_001,close,1.0,500,500,9865,0.25806451612903225,0.25806451612903225,1.0,0.41025641025641024
swedish,cosine_025,random,1.0,500,500,20748,0.25806451612903225,0.25806451612903225,1.0,0.41025641025641024
swedish,cosine_025,random,1.0,500,500,20748,0.25806451612903225,0.25806451612903225,1.0,0.41025641025641024
swedish,cosine_025,random,1.0,500,500,20730,0.25806451612903225,0.25806451612903225,1.0,0.41025641025641024
swedish,cosine_025,random,1.0,500,500,20569,0.25806451612903225,0.25806451612903225,1.0,0.41025641025641024
swedish,cosine_025,random,1.0,500,500,19995,0.25806451612903225,0.25806451612903225,1.0,0.41025641025641024
swedish,cosine_025,random,1.0,500,500,18854,0.25806451612903225,0.25806451612903225,1.0,0.41025641025641024
swedish,cosine_025,random,1.0,500,500,17657,0.25806451612903225,0.25806451612903225,1.0,0.41025641025641024
swedish,cosine_025,random,1.0,500,500,16407,0.25806451612903225,0.25806451612903225,1.0,0.41025641025641024
swedish,cosine_025,random,1.0,500,500,15376,0.25806451612903225,0.25806451612903225,1.0,0.41025641025641024
swedish,cosine_025,random,1.0,500,500,14444,0.25806451612903225,0.25806451612903225,1.0,0.41025641025641024
swedish,cosine_025,close,1.0,500,500,11315,0.25806451612903225,0.25806451612903225,1.0,0.41025641025641024
swedish,cosine_025,close,1.0,500,500,10215,0.25806451612903225,0.25806451612903225,1.0,0.41025641025641024
swedish,cosine_025,close,1.0,500,500,9205,0.25806451612903225,0.25806451612903225,1.0,0.41025641025641024
swedish,cosine_025,close,1.0,500,500,8533,0.25806451612903225,0.25806451612903225,1.0,0.41025641025641024
swedish,cosine_025,close,1.0,500,500,7876,0.25806451612903225,0.25806451612903225,1.0,0.41025641025641024
swedish,cosine_025,close,1.0,500,500,7565,0.25806451612903225,0.25806451612903225,1.0,0.41025641025641024
swedish,cosine_025,close,1.0,500,500,7286,0.25806451612903225,0.25806451612903225,1.0,0.41025641025641024
swedish,cosine_025,close,1.0,500,500,7160,0.25806451612903225,0.25806451612903225,1.0,0.41025641025641024
swedish,cosine_025,close,1.0,500,500,7148,0.25806451612903225,0.25806451612903225,1.0,0.41025641025641024
swedish,cosine_025,close,1.0,500,500,7157,0.25806451612903225,0.25806451612903225,1.0,0.41025641025641024
swedish,cosine_050,random,1.0,500,500,457,0.2903225806451613,0.26666666666666666,1.0,0.4210526315789474
swedish,cosine_050,random,1.0,500,500,914,0.3870967741935484,0.2962962962962963,1.0,0.45714285714285713
swedish,cosine_050,random,1.0,500,500,1430,0.45161290322580644,0.32,1.0,0.48484848484848486
swedish,cosine_050,random,1.0,500,500,1954,0.4838709677419355,0.3333333333333333,1.0,0.5
swedish,cosine_050,random,1.0,500,500,2654,0.4838709677419355,0.3333333333333333,1.0,0.5
swedish,cosine_050,random,1.0,500,500,3309,0.4838709677419355,0.3333333333333333,1.0,0.5
swedish,cosine_050,random,1.0,500,500,3987,0.5806451612903226,0.38095238095238093,1.0,0.5517241379310345
swedish,cosine_050,random,1.0,500,500,4728,0.5806451612903226,0.38095238095238093,1.0,0.5517241379310345
swedish,cosine_050,random,1.0,500,500,5222,0.6129032258064516,0.4,1.0,0.5714285714285715
swedish,cosine_050,random,1.0,500,500,5832,0.5806451612903226,0.38095238095238093,1.0,0.5517241379310345
swedish,cosine_050,far,1.0,500,500,20748,0.6451612903225806,0.4117647058823529,0.875,0.56
swedish,cosine_050,far,1.0,500,500,20748,0.6451612903225806,0.4117647058823529,0.875,0.56
swedish,cosine_050,far,1.0,500,500,20748,0.6451612903225806,0.4117647058823529,0.875,0.56
swedish,cosine_050,far,1.0,500,500,20735,0.6774193548387096,0.4375,0.875,0.5833333333333334
swedish,cosine_050,far,1.0,500,500,20653,0.6774193548387096,0.4375,0.875,0.5833333333333334
swedish,cosine_050,far,1.0,500,500,20245,0.6129032258064516,0.3888888888888889,0.875,0.5384615384615385
swedish,cosine_050,far,1.0,500,500,19367,0.6774193548387096,0.4375,0.875,0.5833333333333334
swedish,cosine_050,far,1.0,500,500,18065,0.6774193548387096,0.4375,0.875,0.5833333333333334
swedish,cosine_050,far,1.0,500,500,16455,0.6451612903225806,0.4117647058823529,0.875,0.56
swedish,cosine_050,far,1.0,500,500,14817,0.6451612903225806,0.4117647058823529,0.875,0.56
swedish,cosine_075,random,1.0,500,500,15982,0.7419354838709677,0.5,0.125,0.2
swedish,cosine_075,random,1.0,500,500,14885,0.7419354838709677,0.5,0.125,0.2
swedish,cosine_075,random,1.0,500,500,13938,0.7419354838709677,0.5,0.125,0.2
swedish,cosine_075,random,1.0,500,500,13127,0.7419354838709677,0.5,0.125,0.2
swedish,cosine_075,random,1.0,500,500,12313,0.7741935483870968,0.6666666666666666,0.25,0.36363636363636365
swedish,cosine_075,random,1.0,500,500,11659,0.7419354838709677,0.5,0.125,0.2
swedish,cosine_075,random,1.0,500,500,11111,0.7419354838709677,0.5,0.125,0.2
swedish,cosine_075,random,1.0,500,500,10607,0.7419354838709677,0.5,0.125,0.2
swedish,cosine_075,random,1.0,500,500,10196,0.7419354838709677,0.5,0.125,0.2
swedish,cosine_075,random,1.0,500,500,9874,0.7741935483870968,0.6666666666666666,0.25,0.36363636363636365
swedish,cosine_075,far,1.0,500,500,20690,0.7419354838709677,0.5,0.125,0.2
swedish,cosine_075,far,1.0,500,500,20379,0.7419354838709677,0.5,0.125,0.2
swedish,cosine_075,far,1.0,500,500,19712,0.7419354838709677,0.5,0.125,0.2
swedish,cosine_075,far,1.0,500,500,18641,0.7419354838709677,0.5,0.125,0.2
swedish,cosine_075,far,1.0,500,500,17357,0.7741935483870968,0.6666666666666666,0.25,0.36363636363636365
swedish,cosine_075,far,1.0,500,500,15997,0.7741935483870968,0.6666666666666666,0.25,0.36363636363636365
swedish,cosine_075,far,1.0,500,500,14612,0.7741935483870968,0.6666666666666666,0.25,0.36363636363636365
swedish,cosine_075,far,1.0,500,500,13375,0.7741935483870968,0.6666666666666666,0.25,0.36363636363636365
swedish,cosine_075,far,1.0,500,500,12319,0.7741935483870968,0.6666666666666666,0.25,0.36363636363636365
swedish,cosine_075,far,1.0,500,500,11356,0.7741935483870968,0.6666666666666666,0.25,0.36363636363636365
swedish,cosine_090,far,1.0,500,500,11541,0.7741935483870968,1.0,0.125,0.2222222222222222
swedish,cosine_090,far,1.0,500,500,10228,0.7741935483870968,1.0,0.125,0.2222222222222222
swedish,cosine_090,far,1.0,500,500,9054,0.7741935483870968,1.0,0.125,0.2222222222222222
swedish,cosine_090,far,1.0,500,500,8181,0.7741935483870968,1.0,0.125,0.2222222222222222
swedish,cosine_090,far,1.0,500,500,7619,0.7741935483870968,1.0,0.125,0.2222222222222222
swedish,cosine_090,far,1.0,500,500,7099,0.7741935483870968,1.0,0.125,0.2222222222222222
swedish,cosine_090,far,1.0,500,500,6756,0.7741935483870968,1.0,0.125,0.2222222222222222
swedish,cosine_090,far,1.0,500,500,6585,0.7741935483870968,1.0,0.125,0.2222222222222222
swedish,cosine_090,far,1.0,500,500,6551,0.7741935483870968,1.0,0.125,0.2222222222222222
swedish,cosine_090,far,1.0,500,500,6602,0.7741935483870968,1.0,0.125,0.2222222222222222
swedish,cosine_090,close,1.0,500,500,20748,0.7741935483870968,1.0,0.125,0.2222222222222222
swedish,cosine_090,close,1.0,500,500,20748,0.7741935483870968,1.0,0.125,0.2222222222222222
swedish,cosine_090,close,1.0,500,500,20748,0.7741935483870968,1.0,0.125,0.2222222222222222
swedish,cosine_090,close,1.0,500,500,20748,0.7741935483870968,1.0,0.125,0.2222222222222222
swedish,cosine_090,close,1.0,500,500,20743,0.7741935483870968,1.0,0.125,0.2222222222222222
swedish,cosine_090,close,1.0,500,500,20670,0.7741935483870968,1.0,0.125,0.2222222222222222
swedish,cosine_090,close,1.0,500,500,20296,0.7741935483870968,1.0,0.125,0.2222222222222222
swedish,cosine_090,close,1.0,500,500,19486,0.7741935483870968,1.0,0.125,0.2222222222222222
swedish,cosine_090,close,1.0,500,500,18287,0.7741935483870968,1.0,0.125,0.2222222222222222
swedish,cosine_090,close,1.0,500,500,16950,0.7741935483870968,1.0,0.125,0.2222222222222222
